20
40
50
60
90
99
90
99
89
100
110
130
134
140
145
150
155
120
140
150
160 
20
40
50
60
90
99
90
99
89 
200
210
230
234
240
245
250
255
20
40
50
60
90
99
90
99
89
100
110
130
134
300
150
155
120
140
150
160
190
199
190
199
189
200
210
230
234
240
245
250
255
20
40
50
60
90
99
90
99
89
100
110
130
134
140
145
150
155
120
140
150
160 
20
40
50
60
90
99
90
99
89 
200
210
230
234
240
245
250
255
20
40
50
60
90
99
90
99
89
100
110
130
134
140
145
150
155
120
140
150
160
190
199
190
199
189
200
210
230
234
240
245
250
255
